'H','P20180228RPOS36701A','02/28/2018 12:03','AR','PLU',174
'S','P20180228RPOS36701A','02/28/2018 12:03','0000000000001114020043',0,'StrtchPlnngShrts20',15,1,0,79,1,0,1,1,79,233,10,0,000000000000,0.000,0.0,30.00  ,0,201062,301599,403295
'S','P20180228RPOS36701A','02/28/2018 12:03','0000000000001114020044',0,'StrtchPlnngShrts20',15,1,0,79,1,0,1,1,79,233,10,0,000000000000,0.000,0.0,30.00  ,0,201062,301599,403295
'S','P20180228RPOS36701A','02/28/2018 12:03','0000000000001114020045',0,'StrtchPlnngShrts20',15,1,0,79,1,0,1,1,79,233,10,0,000000000000,0.000,0.0,30.00  ,0,201062,301599,403295
'S','P20180228RPOS36701A','02/28/2018 12:03','0000000000001114020046',0,'StrtchPlnngShrts20',15,1,0,79,1,0,1,1,79,233,10,0,000000000000,0.000,0.0,30.00  ,0,201062,301599,403295
'S','P20180228RPOS36701A','02/28/2018 12:03','0000000000001114020047',0,'StrtchPlnngShrts20',15,1,0,79,1,0,1,1,79,233,10,0,000000000000,0.000,0.0,30.00  ,0,201062,301599,403295
'S','P20180228RPOS36701A','02/28/2018 12:03','0000000000001114020048',0,'StrtchPlnngShrts20',15,1,0,79,1,0,1,1,79,233,10,0,000000000000,0.000,0.0,30.00  ,0,201062,301599,403295
'S','P20180228RPOS36701A','02/28/2018 12:03','0000000000001141850001',0,'Transit Pant',31,1,0,125,1,0,1,1,125,190,20,0,000000000000,0.000,0.0,30.00  ,0,201053,301548,402238
'S','P20180228RPOS36701A','02/28/2018 12:03','0000000000001141850002',0,'Transit Pant',31,1,0,125,1,0,1,1,125,190,20,0,000000000000,0.000,0.0,30.00  ,0,201053,301548,402238
'S','P20180228RPOS36701A','02/28/2018 12:03','0000000000001141850003',0,'Transit Pant',31,1,0,125,1,0,1,1,125,190,20,0,000000000000,0.000,0.0,30.00  ,0,201053,301548,402238
'S','P20180228RPOS36701A','02/28/2018 12:03','0000000000001141850004',0,'Transit Pant',31,1,0,125,1,0,1,1,125,190,20,0,000000000000,0.000,0.0,30.00  ,0,201053,301548,402238
'S','P20180228RPOS36701A','02/28/2018 12:03','0000000000001192260001',0,'ThrmBllSnwTrclmtJk',27,1,0,243.93,1,0,1,1,243.93,270,10,0,000000000000,0.000,0.0,30.00  ,0,201018,301093,402333
'S','P20180228RPOS36701A','02/28/2018 12:03','0000000000001192260002',0,'ThrmBllSnwTrclmtJk',27,1,0,243.93,1,0,1,1,243.93,270,10,0,000000000000,0.000,0.0,30.00  ,0,201018,301093,402333
'S','P20180228RPOS36701A','02/28/2018 12:03','0000000000001192260003',0,'ThrmBllSnwTrclmtJk',27,1,0,243.93,1,0,1,1,243.93,270,10,0,000000000000,0.000,0.0,30.00  ,0,201018,301093,402333
'S','P20180228RPOS36701A','02/28/2018 12:03','0000000000001192260004',0,'ThrmBllSnwTrclmtJk',27,1,0,243.93,1,0,1,1,243.93,270,10,0,000000000000,0.000,0.0,30.00  ,0,201018,301093,402333
'S','P20180228RPOS36701A','02/28/2018 12:03','0000000000001192260005',0,'ThrmBllSnwTrclmtJk',27,1,0,243.93,1,0,1,1,243.93,270,10,0,000000000000,0.000,0.0,30.00  ,0,201018,301093,402333
'S','P20180228RPOS36701A','02/28/2018 12:03','0000000000001192260006',0,'ThrmBllSnwTrclmtJk',27,1,0,243.93,1,0,1,1,243.93,270,10,0,000000000000,0.000,0.0,30.00  ,0,201018,301093,402333
'S','P20180228RPOS36701A','02/28/2018 12:03','0000000000001192260007',0,'ThrmBllSnwTrclmtJk',27,1,0,243.93,1,0,1,1,243.93,270,10,0,000000000000,0.000,0.0,30.00  ,0,201018,301093,402333
'S','P20180228RPOS36701A','02/28/2018 12:03','0000000000001192260008',0,'ThrmBllSnwTrclmtJk',27,1,0,243.93,1,0,1,1,243.93,270,10,0,000000000000,0.000,0.0,30.00  ,0,201018,301093,402333
'S','P20180228RPOS36701A','02/28/2018 12:03','0000000000001192260009',0,'ThrmBllSnwTrclmtJk',27,1,0,243.93,1,0,1,1,243.93,270,10,0,000000000000,0.000,0.0,30.00  ,0,201018,301093,402333
'S','P20180228RPOS36701A','02/28/2018 12:03','0000000000001192260010',0,'ThrmBllSnwTrclmtJk',27,1,0,243.93,1,0,1,1,243.93,270,10,0,000000000000,0.000,0.0,30.00  ,0,201018,301093,402333
'S','P20180228RPOS36701A','02/28/2018 12:03','0000000000001192260011',0,'ThrmBllSnwTrclmtJk',27,1,0,243.93,1,0,1,1,243.93,270,10,0,000000000000,0.000,0.0,30.00  ,0,201018,301093,402333
'S','P20180228RPOS36701A','02/28/2018 12:03','0000000000001192260012',0,'ThrmBllSnwTrclmtJk',27,1,0,243.93,1,0,1,1,243.93,270,10,0,000000000000,0.000,0.0,30.00  ,0,201018,301093,402333
'S','P20180228RPOS36701A','02/28/2018 12:03','0000000000001192260013',0,'ThrmBllSnwTrclmtJk',27,1,0,243.93,1,0,1,1,243.93,270,10,0,000000000000,0.000,0.0,30.00  ,0,201018,301093,402333
'S','P20180228RPOS36701A','02/28/2018 12:03','0000000000001192260014',0,'ThrmBllSnwTrclmtJk',27,1,0,243.93,1,0,1,1,243.93,270,10,0,000000000000,0.000,0.0,30.00  ,0,201018,301093,402333
'S','P20180228RPOS36701A','02/28/2018 12:03','0000000000001192260015',0,'ThrmBllSnwTrclmtJk',27,1,0,243.93,1,0,1,1,243.93,270,10,0,000000000000,0.000,0.0,30.00  ,0,201018,301093,402333
'S','P20180228RPOS36701A','02/28/2018 12:03','0000000000001192260016',0,'ThrmBllSnwTrclmtJk',27,1,0,243.93,1,0,1,1,243.93,270,10,0,000000000000,0.000,0.0,30.00  ,0,201018,301093,402333
'S','P20180228RPOS36701A','02/28/2018 12:03','0000000000001192260017',0,'ThrmBllSnwTrclmtJk',27,1,0,243.93,1,0,1,1,243.93,270,10,0,000000000000,0.000,0.0,30.00  ,0,201018,301093,402333
'S','P20180228RPOS36701A','02/28/2018 12:03','0000000000001192260018',0,'ThrmBllSnwTrclmtJk',27,1,0,243.93,1,0,1,1,243.93,270,10,0,000000000000,0.000,0.0,30.00  ,0,201018,301093,402333
'S','P20180228RPOS36701A','02/28/2018 12:03','0000000000001192260019',0,'ThrmBllSnwTrclmtJk',27,1,0,243.93,1,0,1,1,243.93,270,10,0,000000000000,0.000,0.0,30.00  ,0,201018,301093,402333
'S','P20180228RPOS36701A','02/28/2018 12:03','0000000000001192260020',0,'ThrmBllSnwTrclmtJk',27,1,0,243.93,1,0,1,1,243.93,270,10,0,000000000000,0.000,0.0,30.00  ,0,201018,301093,402333
'S','P20180228RPOS36701A','02/28/2018 12:03','0000000000001192260021',0,'ThrmBllSnwTrclmtJk',27,1,0,243.93,1,0,1,1,243.93,270,10,0,000000000000,0.000,0.0,30.00  ,0,201018,301093,402333
'S','P20180228RPOS36701A','02/28/2018 12:03','0000000000001192260022',0,'ThrmBllSnwTrclmtJk',27,1,0,243.93,1,0,1,1,243.93,270,10,0,000000000000,0.000,0.0,30.00  ,0,201018,301093,402333
'S','P20180228RPOS36701A','02/28/2018 12:03','0000000000001192260023',0,'ThrmBllSnwTrclmtJk',27,1,0,243.93,1,0,1,1,243.93,270,10,0,000000000000,0.000,0.0,30.00  ,0,201018,301093,402333
'S','P20180228RPOS36701A','02/28/2018 12:03','0000000000001192260024',0,'ThrmBllSnwTrclmtJk',27,1,0,243.93,1,0,1,1,243.93,270,10,0,000000000000,0.000,0.0,30.00  ,0,201018,301093,402333
'S','P20180228RPOS36701A','02/28/2018 12:03','0000000000001192260025',0,'ThrmBllSnwTrclmtJk',27,1,0,243.93,1,0,1,1,243.93,270,10,0,000000000000,0.000,0.0,30.00  ,0,201018,301093,402333
'S','P20180228RPOS36701A','02/28/2018 12:03','0000000000001194000001',0,'ThrmBllSnwTrclmtJk',26,1,0,349,1,0,1,1,349,266,10,0,000000000000,0.000,0.0,30.00  ,0,201017,301089,402327
'S','P20180228RPOS36701A','02/28/2018 12:03','0000000000001194000002',0,'ThrmBllSnwTrclmtJk',26,1,0,349,1,0,1,1,349,266,10,0,000000000000,0.000,0.0,30.00  ,0,201017,301089,402327
'S','P20180228RPOS36701A','02/28/2018 12:03','0000000000001194000003',0,'ThrmBllSnwTrclmtJk',26,1,0,349,1,0,1,1,349,266,10,0,000000000000,0.000,0.0,30.00  ,0,201017,301089,402327
'S','P20180228RPOS36701A','02/28/2018 12:03','0000000000001194000004',0,'ThrmBllSnwTrclmtJk',26,1,0,349,1,0,1,1,349,266,10,0,000000000000,0.000,0.0,30.00  ,0,201017,301089,402327
'S','P20180228RPOS36701A','02/28/2018 12:03','0000000000001194000005',0,'ThrmBllSnwTrclmtJk',26,1,0,349,1,0,1,1,349,266,10,0,000000000000,0.000,0.0,30.00  ,0,201017,301089,402327
'S','P20180228RPOS36701A','02/28/2018 12:03','0000000000001194000006',0,'ThrmBllSnwTrclmtJk',26,1,0,349,1,0,1,1,349,266,10,0,000000000000,0.000,0.0,30.00  ,0,201017,301089,402327
'S','P20180228RPOS36701A','02/28/2018 12:03','0000000000001194000007',0,'ThrmBllSnwTrclmtJk',26,1,0,349,1,0,1,1,349,266,10,0,000000000000,0.000,0.0,30.00  ,0,201017,301089,402327
'S','P20180228RPOS36701A','02/28/2018 12:03','0000000000001194000008',0,'ThrmBllSnwTrclmtJk',26,1,0,349,1,0,1,1,349,266,10,0,000000000000,0.000,0.0,30.00  ,0,201017,301089,402327
'S','P20180228RPOS36701A','02/28/2018 12:03','0000000000001194000009',0,'ThrmBllSnwTrclmtJk',26,1,0,349,1,0,1,1,349,266,10,0,000000000000,0.000,0.0,30.00  ,0,201017,301089,402327
'S','P20180228RPOS36701A','02/28/2018 12:03','0000000000001194000010',0,'ThrmBllSnwTrclmtJk',26,1,0,349,1,0,1,1,349,266,10,0,000000000000,0.000,0.0,30.00  ,0,201017,301089,402327
'S','P20180228RPOS36701A','02/28/2018 12:03','0000000000001194000011',0,'ThrmBllSnwTrclmtJk',26,1,0,243.93,1,0,1,1,243.93,266,10,0,000000000000,0.000,0.0,30.00  ,0,201017,301089,402327
'S','P20180228RPOS36701A','02/28/2018 12:03','0000000000001194000012',0,'ThrmBllSnwTrclmtJk',26,1,0,243.93,1,0,1,1,243.93,266,10,0,000000000000,0.000,0.0,30.00  ,0,201017,301089,402327
'S','P20180228RPOS36701A','02/28/2018 12:03','0000000000001194000013',0,'ThrmBllSnwTrclmtJk',26,1,0,243.93,1,0,1,1,243.93,266,10,0,000000000000,0.000,0.0,30.00  ,0,201017,301089,402327
'S','P20180228RPOS36701A','02/28/2018 12:03','0000000000001194000014',0,'ThrmBllSnwTrclmtJk',26,1,0,243.93,1,0,1,1,243.93,266,10,0,000000000000,0.000,0.0,30.00  ,0,201017,301089,402327
'S','P20180228RPOS36701A','02/28/2018 12:03','0000000000001194000015',0,'ThrmBllSnwTrclmtJk',26,1,0,243.93,1,0,1,1,243.93,266,10,0,000000000000,0.000,0.0,30.00  ,0,201017,301089,402327
'S','P20180228RPOS36701A','02/28/2018 12:03','0000000000001194000016',0,'ThrmBllSnwTrclmtJk',26,1,0,243.93,1,0,1,1,243.93,266,10,0,000000000000,0.000,0.0,30.00  ,0,201017,301089,402327
'S','P20180228RPOS36701A','02/28/2018 12:03','0000000000001194000017',0,'ThrmBllSnwTrclmtJk',26,1,0,243.93,1,0,1,1,243.93,266,10,0,000000000000,0.000,0.0,30.00  ,0,201017,301089,402327
'S','P20180228RPOS36701A','02/28/2018 12:03','0000000000001194000018',0,'ThrmBllSnwTrclmtJk',26,1,0,243.93,1,0,1,1,243.93,266,10,0,000000000000,0.000,0.0,30.00  ,0,201017,301089,402327
'S','P20180228RPOS36701A','02/28/2018 12:03','0000000000001194000019',0,'ThrmBllSnwTrclmtJk',26,1,0,243.93,1,0,1,1,243.93,266,10,0,000000000000,0.000,0.0,30.00  ,0,201017,301089,402327
'S','P20180228RPOS36701A','02/28/2018 12:03','0000000000001194000020',0,'ThrmBllSnwTrclmtJk',26,1,0,243.93,1,0,1,1,243.93,266,10,0,000000000000,0.000,0.0,30.00  ,0,201017,301089,402327
'S','P20180228RPOS36701A','02/28/2018 12:03','0000000000001199170001',0,'Thermal Tight',30,1,0,62.93,1,0,1,1,62.93,195,40,0,000000000000,0.000,0.0,30.00  ,0,201007,301553,402256
'S','P20180228RPOS36701A','02/28/2018 12:03','0000000000001199170002',0,'Thermal Tight',30,1,0,62.93,1,0,1,1,62.93,195,40,0,000000000000,0.000,0.0,30.00  ,0,201007,301553,402256
'S','P20180228RPOS36701A','02/28/2018 12:03','0000000000001199170003',0,'Thermal Tight',30,1,0,62.93,1,0,1,1,62.93,195,40,0,000000000000,0.000,0.0,30.00  ,0,201007,301553,402256
'S','P20180228RPOS36701A','02/28/2018 12:03','0000000000001199170004',0,'Thermal Tight',30,1,0,62.93,1,0,1,1,62.93,195,40,0,000000000000,0.000,0.0,30.00  ,0,201007,301553,402256
'S','P20180228RPOS36701A','02/28/2018 12:03','0000000000001199170005',0,'Thermal Tight',30,1,0,62.93,1,0,1,1,62.93,195,40,0,000000000000,0.000,0.0,30.00  ,0,201007,301553,402256
'S','P20180228RPOS36701A','02/28/2018 12:03','0000000000001239230002',0,'FirewaterMultiBttl',97,1,0,9.73,1,0,1,1,9.73,801,12,0,000000000000,0.000,0.0,30.00  ,0,201040,301566,402898
'S','P20180228RPOS36701A','02/28/2018 12:03','0000000000001239230003',0,'FirewaterMultiBttl',97,1,0,9.73,1,0,1,1,9.73,801,12,0,000000000000,0.000,0.0,30.00  ,0,201040,301566,402898
'S','P20180228RPOS36701A','02/28/2018 12:03','0000000000001239240001',0,'GloStick USB',97,1,0,6.73,1,0,1,1,6.73,801,12,0,000000000000,0.000,0.0,30.00  ,0,201040,301566,402898
'S','P20180228RPOS36701A','02/28/2018 12:03','0000000000001239240002',0,'GloStick USB',97,1,0,6.73,1,0,1,1,6.73,801,12,0,000000000000,0.000,0.0,30.00  ,0,201040,301566,402898
'S','P20180228RPOS36701A','02/28/2018 12:03','0000000000001401090001',0,'Tactix Charlie',56,1,0,700,1,0,1,1,700,399,60,0,000000000000,0.000,0.0,30.00  ,0,201037,301534,402456
'S','P20180228RPOS36701A','02/28/2018 12:03','0000000000001401100001',0,'inReach Mini',56,1,0,350,1,0,1,1,350,418,20,0,000000000000,0.000,0.0,30.00  ,0,201037,301537,402501
'S','P20180228RPOS36701A','02/28/2018 12:03','0000000000001401140001',0,'Peregrine 8 Ice+',04,1,0,150,1,0,1,1,150,111,20,0,000000000000,0.000,0.0,30.00  ,0,201025,301119,403304
'S','P20180228RPOS36701A','02/28/2018 12:03','0000000000001401140002',0,'Peregrine 8 Ice+',04,1,0,150,1,0,1,1,150,111,20,0,000000000000,0.000,0.0,30.00  ,0,201025,301119,403304
'S','P20180228RPOS36701A','02/28/2018 12:03','0000000000001401140003',0,'Peregrine 8 Ice+',04,1,0,150,1,0,1,1,150,111,20,0,000000000000,0.000,0.0,30.00  ,0,201025,301119,403304
'S','P20180228RPOS36701A','02/28/2018 12:03','0000000000001401140004',0,'Peregrine 8 Ice+',04,1,0,150,1,0,1,1,150,111,20,0,000000000000,0.000,0.0,30.00  ,0,201025,301119,403304
'S','P20180228RPOS36701A','02/28/2018 12:03','0000000000001401140005',0,'Peregrine 8 Ice+',04,1,0,150,1,0,1,1,150,111,20,0,000000000000,0.000,0.0,30.00  ,0,201025,301119,403304
'S','P20180228RPOS36701A','02/28/2018 12:03','0000000000001401140006',0,'Peregrine 8 Ice+',04,1,0,150,1,0,1,1,150,111,20,0,000000000000,0.000,0.0,30.00  ,0,201025,301119,403304
'S','P20180228RPOS36701A','02/28/2018 12:03','0000000000001401140007',0,'Peregrine 8 Ice+',04,1,0,150,1,0,1,1,150,111,20,0,000000000000,0.000,0.0,30.00  ,0,201025,301119,403304
'S','P20180228RPOS36701A','02/28/2018 12:03','0000000000001401140008',0,'Peregrine 8 Ice+',04,1,0,150,1,0,1,1,150,111,20,0,000000000000,0.000,0.0,30.00  ,0,201025,301119,403304
'S','P20180228RPOS36701A','02/28/2018 12:03','0000000000001401140009',0,'Peregrine 8 Ice+',04,1,0,150,1,0,1,1,150,111,20,0,000000000000,0.000,0.0,30.00  ,0,201025,301119,403304
'S','P20180228RPOS36701A','02/28/2018 12:03','0000000000001401140010',0,'Peregrine 8 Ice+',04,1,0,150,1,0,1,1,150,111,20,0,000000000000,0.000,0.0,30.00  ,0,201025,301119,403304
'S','P20180228RPOS36701A','02/28/2018 12:03','0000000000001401140011',0,'Peregrine 8 Ice+',04,1,0,150,1,0,1,1,150,111,20,0,000000000000,0.000,0.0,30.00  ,0,201025,301119,403304
'S','P20180228RPOS36701A','02/28/2018 12:03','0000000000001401150001',0,'Peregrine 8 Ice+',04,1,0,150,1,0,1,1,150,121,20,0,000000000000,0.000,0.0,30.00  ,0,201025,301125,403308
'S','P20180228RPOS36701A','02/28/2018 12:03','0000000000001401150002',0,'Peregrine 8 Ice+',04,1,0,150,1,0,1,1,150,121,20,0,000000000000,0.000,0.0,30.00  ,0,201025,301125,403308
'S','P20180228RPOS36701A','02/28/2018 12:03','0000000000001401150003',0,'Peregrine 8 Ice+',04,1,0,150,1,0,1,1,150,121,20,0,000000000000,0.000,0.0,30.00  ,0,201025,301125,403308
'S','P20180228RPOS36701A','02/28/2018 12:03','0000000000001401150004',0,'Peregrine 8 Ice+',04,1,0,150,1,0,1,1,150,121,20,0,000000000000,0.000,0.0,30.00  ,0,201025,301125,403308
'S','P20180228RPOS36701A','02/28/2018 12:03','0000000000001401150005',0,'Peregrine 8 Ice+',04,1,0,150,1,0,1,1,150,121,20,0,000000000000,0.000,0.0,30.00  ,0,201025,301125,403308
'S','P20180228RPOS36701A','02/28/2018 12:03','0000000000001401150006',0,'Peregrine 8 Ice+',04,1,0,150,1,0,1,1,150,121,20,0,000000000000,0.000,0.0,30.00  ,0,201025,301125,403308
'S','P20180228RPOS36701A','02/28/2018 12:03','0000000000001401150007',0,'Peregrine 8 Ice+',04,1,0,150,1,0,1,1,150,121,20,0,000000000000,0.000,0.0,30.00  ,0,201025,301125,403308
'S','P20180228RPOS36701A','02/28/2018 12:03','0000000000001401150008',0,'Peregrine 8 Ice+',04,1,0,150,1,0,1,1,150,121,20,0,000000000000,0.000,0.0,30.00  ,0,201025,301125,403308
'S','P20180228RPOS36701A','02/28/2018 12:03','0000000000001401150009',0,'Peregrine 8 Ice+',04,1,0,150,1,0,1,1,150,121,20,0,000000000000,0.000,0.0,30.00  ,0,201025,301125,403308
'S','P20180228RPOS36701A','02/28/2018 12:03','0000000000001401150010',0,'Peregrine 8 Ice+',04,1,0,150,1,0,1,1,150,121,20,0,000000000000,0.000,0.0,30.00  ,0,201025,301125,403308
'S','P20180228RPOS36701A','02/28/2018 12:03','0000000000001401150011',0,'Peregrine 8 Ice+',04,1,0,150,1,0,1,1,150,121,20,0,000000000000,0.000,0.0,30.00  ,0,201025,301125,403308
'S','P20180228RPOS36701A','02/28/2018 12:03','0000000000001401160001',0,'Navigator 80',55,1,0,399.95,1,0,1,1,399.95,431,10,0,000000000000,0.000,0.0,30.00  ,0,201020,301097,402535
'S','P20180228RPOS36701A','02/28/2018 12:03','0000000000001401160002',0,'Navigator 80',55,1,0,399.95,1,0,1,1,399.95,431,10,0,000000000000,0.000,0.0,30.00  ,0,201020,301097,402535
'S','P20180228RPOS36701A','02/28/2018 12:03','0000000000001401160003',0,'Navigator 80',55,1,0,399.95,1,0,1,1,399.95,431,10,0,000000000000,0.000,0.0,30.00  ,0,201020,301097,402535
'S','P20180228RPOS36701A','02/28/2018 12:03','0000000000001401170001',0,'Navigator 85',55,1,0,499.95,1,0,1,1,499.95,431,10,0,000000000000,0.000,0.0,30.00  ,0,201020,301097,402535
'S','P20180228RPOS36701A','02/28/2018 12:03','0000000000001401170002',0,'Navigator 85',55,1,0,499.95,1,0,1,1,499.95,431,10,0,000000000000,0.000,0.0,30.00  ,0,201020,301097,402535
'S','P20180228RPOS36701A','02/28/2018 12:03','0000000000001401170003',0,'Navigator 85',55,1,0,499.95,1,0,1,1,499.95,431,10,0,000000000000,0.000,0.0,30.00  ,0,201020,301097,402535
'S','P20180228RPOS36701A','02/28/2018 12:03','0000000000001401180001',0,'Enforcer 100',55,1,0,699.95,1,0,1,1,699.95,431,10,0,000000000000,0.000,0.0,30.00  ,0,201020,301097,402535
'S','P20180228RPOS36701A','02/28/2018 12:03','0000000000001401180002',0,'Enforcer 100',55,1,0,699.95,1,0,1,1,699.95,431,10,0,000000000000,0.000,0.0,30.00  ,0,201020,301097,402535
'S','P20180228RPOS36701A','02/28/2018 12:03','0000000000001401180003',0,'Enforcer 100',55,1,0,699.95,1,0,1,1,699.95,431,10,0,000000000000,0.000,0.0,30.00  ,0,201020,301097,402535
'S','P20180228RPOS36701A','02/28/2018 12:03','0000000000001401180004',0,'Enforcer 100',55,1,0,699.95,1,0,1,1,699.95,431,10,0,000000000000,0.000,0.0,30.00  ,0,201020,301097,402535
'S','P20180228RPOS36701A','02/28/2018 12:03','0000000000001401190001',0,'Enforcer 93',55,1,0,649.95,1,0,1,1,649.95,431,10,0,000000000000,0.000,0.0,30.00  ,0,201020,301097,402535
'S','P20180228RPOS36701A','02/28/2018 12:03','0000000000001401190002',0,'Enforcer 93',55,1,0,649.95,1,0,1,1,649.95,431,10,0,000000000000,0.000,0.0,30.00  ,0,201020,301097,402535
'S','P20180228RPOS36701A','02/28/2018 12:03','0000000000001401190003',0,'Enforcer 93',55,1,0,649.95,1,0,1,1,649.95,431,10,0,000000000000,0.000,0.0,30.00  ,0,201020,301097,402535
'S','P20180228RPOS36701A','02/28/2018 12:03','0000000000001401200001',0,'Astral 78',55,1,0,399,1,0,1,1,399,431,20,0,000000000000,0.000,0.0,30.00  ,0,201020,301097,402536
'S','P20180228RPOS36701A','02/28/2018 12:03','0000000000001401200002',0,'Astral 78',55,1,0,399,1,0,1,1,399,431,20,0,000000000000,0.000,0.0,30.00  ,0,201020,301097,402536
'S','P20180228RPOS36701A','02/28/2018 12:03','0000000000001401200003',0,'Astral 78',55,1,0,399,1,0,1,1,399,431,20,0,000000000000,0.000,0.0,30.00  ,0,201020,301097,402536
'S','P20180228RPOS36701A','02/28/2018 12:03','0000000000001401780001',0,'Cargo Duffel',97,1,0,83.73,1,0,1,1,83.73,808,16,0,000000000000,0.000,0.0,30.00  ,0,201040,301569,402947
'S','P20180228RPOS36701A','02/28/2018 12:03','0000000000001401790001',0,'Rain Rider Pannier',97,1,0,64.73,1,0,1,1,64.73,808,38,0,000000000000,0.000,0.0,30.00  ,0,201040,301569,402962
'S','P20180228RPOS36701A','02/28/2018 12:03','0000000000001401800001',0,'Aquaknot 1200',97,1,0,55.73,1,0,1,1,55.73,801,18,0,000000000000,0.000,0.0,30.00  ,0,201040,301566,402903
'S','P20180228RPOS36701A','02/28/2018 12:03','0000000000001401950001',0,'10.25INCstIrnMIAS2',7,1,0,19.95,1,0,1,1,19.95,401,30,0,000000000000,0.000,0.0,30.00  ,0,201058,301025,402463
'S','P20180228RPOS36701A','02/28/2018 12:03','0000000000001402010001',0,'Aquaknot 1800',97,1,0,62.73,1,0,1,1,62.73,801,18,0,000000000000,0.000,0.0,30.00  ,0,201040,301566,402903
'S','P20180228RPOS36701A','02/28/2018 12:03','0000000000001402110001',0,'GPSMAP 66s',56,1,0,400,1,0,1,1,400,422,10,0,000000000000,0.000,0.0,30.00  ,0,201037,301186,402512
'S','P20180228RPOS36701A','02/28/2018 12:03','0000000000001402120001',0,'GPSMAP 66st',56,1,0,450,1,0,1,1,450,422,10,0,000000000000,0.000,0.0,30.00  ,0,201037,301186,402512
'S','P20180228RPOS36701A','02/28/2018 12:03','0000000000001402130001',0,'Sabre 80',55,1,0,599,1,0,1,1,599,431,10,0,000000000000,0.000,0.0,30.00  ,0,201020,301097,402535
'S','P20180228RPOS36701A','02/28/2018 12:03','0000000000001402130002',0,'Sabre 80',55,1,0,599,1,0,1,1,599,431,10,0,000000000000,0.000,0.0,30.00  ,0,201020,301097,402535
'S','P20180228RPOS36701A','02/28/2018 12:03','0000000000001402140001',0,'Sabre 89',55,1,0,649,1,0,1,1,649,431,10,0,000000000000,0.000,0.0,30.00  ,0,201020,301097,402535
'S','P20180228RPOS36701A','02/28/2018 12:03','0000000000001402140002',0,'Sabre 89',55,1,0,649,1,0,1,1,649,431,10,0,000000000000,0.000,0.0,30.00  ,0,201020,301097,402535
'S','P20180228RPOS36701A','02/28/2018 12:03','0000000000001402140003',0,'Sabre 89',55,1,0,649,1,0,1,1,649,431,10,0,000000000000,0.000,0.0,30.00  ,0,201020,301097,402535
'S','P20180228RPOS36701A','02/28/2018 12:03','0000000000001402150001',0,'Nomad 105',55,1,0,699,1,0,1,1,699,431,10,0,000000000000,0.000,0.0,30.00  ,0,201020,301097,402535
'S','P20180228RPOS36701A','02/28/2018 12:03','0000000000001402150002',0,'Nomad 105',55,1,0,699,1,0,1,1,699,431,10,0,000000000000,0.000,0.0,30.00  ,0,201020,301097,402535
'S','P20180228RPOS36701A','02/28/2018 12:03','0000000000001402150003',0,'Nomad 105',55,1,0,699,1,0,1,1,699,431,10,0,000000000000,0.000,0.0,30.00  ,0,201020,301097,402535
'S','P20180228RPOS36701A','02/28/2018 12:03','0000000000001402160001',0,'Nomad 95',55,1,0,649,1,0,1,1,649,431,10,0,000000000000,0.000,0.0,30.00  ,0,201020,301097,402535
'S','P20180228RPOS36701A','02/28/2018 12:03','0000000000001402160002',0,'Nomad 95',55,1,0,649,1,0,1,1,649,431,10,0,000000000000,0.000,0.0,30.00  ,0,201020,301097,402535
'S','P20180228RPOS36701A','02/28/2018 12:03','0000000000001402170001',0,'Pioneer 96',55,1,0,599,1,0,1,1,599,431,10,0,000000000000,0.000,0.0,30.00  ,0,201020,301097,402535
'S','P20180228RPOS36701A','02/28/2018 12:03','0000000000001402170002',0,'Pioneer 96',55,1,0,599,1,0,1,1,599,431,10,0,000000000000,0.000,0.0,30.00  ,0,201020,301097,402535
'S','P20180228RPOS36701A','02/28/2018 12:03','0000000000001402170003',0,'Pioneer 96',55,1,0,599,1,0,1,1,599,431,10,0,000000000000,0.000,0.0,30.00  ,0,201020,301097,402535
'S','P20180228RPOS36701A','02/28/2018 12:03','0000000000001402180001',0,'Sabre 99',55,1,0,699,1,0,1,1,699,431,10,0,000000000000,0.000,0.0,30.00  ,0,201020,301097,402535
'S','P20180228RPOS36701A','02/28/2018 12:03','0000000000001402180002',0,'Sabre 99',55,1,0,699,1,0,1,1,699,431,10,0,000000000000,0.000,0.0,30.00  ,0,201020,301097,402535
'S','P20180228RPOS36701A','02/28/2018 12:03','0000000000001402180003',0,'Sabre 99',55,1,0,699,1,0,1,1,699,431,10,0,000000000000,0.000,0.0,30.00  ,0,201020,301097,402535
'S','P20180228RPOS36701A','02/28/2018 12:03','0000000000001402190001',0,'Nomad 115',55,1,0,749,1,0,1,1,749,431,10,0,000000000000,0.000,0.0,30.00  ,0,201020,301097,402535
'S','P20180228RPOS36701A','02/28/2018 12:03','0000000000001402190002',0,'Nomad 115',55,1,0,749,1,0,1,1,749,431,10,0,000000000000,0.000,0.0,30.00  ,0,201020,301097,402535
'S','P20180228RPOS36701A','02/28/2018 12:03','0000000000001402200001',0,'Pioneer 109',55,1,0,699,1,0,1,1,699,431,10,0,000000000000,0.000,0.0,30.00  ,0,201020,301097,402535
'S','P20180228RPOS36701A','02/28/2018 12:03','0000000000001402200002',0,'Pioneer 109',55,1,0,699,1,0,1,1,699,431,10,0,000000000000,0.000,0.0,30.00  ,0,201020,301097,402535
'S','P20180228RPOS36701A','02/28/2018 12:03','0000000000001402210001',0,'Astral 84',55,1,0,499,1,0,1,1,499,431,20,0,000000000000,0.000,0.0,30.00  ,0,201020,301097,402536
'S','P20180228RPOS36701A','02/28/2018 12:03','0000000000001402210002',0,'Astral 84',55,1,0,499,1,0,1,1,499,431,20,0,000000000000,0.000,0.0,30.00  ,0,201020,301097,402536
'S','P20180228RPOS36701A','02/28/2018 12:03','0000000000001402210003',0,'Astral 84',55,1,0,499,1,0,1,1,499,431,20,0,000000000000,0.000,0.0,30.00  ,0,201020,301097,402536
'S','P20180228RPOS36701A','02/28/2018 12:03','0000000000001402220001',0,'Santa Ana 100',55,1,0,699.95,1,0,1,1,699.95,431,20,0,000000000000,0.000,0.0,30.00  ,0,201020,301097,402536
'S','P20180228RPOS36701A','02/28/2018 12:03','0000000000001402220002',0,'Santa Ana 100',55,1,0,699.95,1,0,1,1,699.95,431,20,0,000000000000,0.000,0.0,30.00  ,0,201020,301097,402536
'S','P20180228RPOS36701A','02/28/2018 12:03','0000000000001402230001',0,'Santa Ana 93',55,1,0,649.95,1,0,1,1,649.95,431,20,0,000000000000,0.000,0.0,30.00  ,0,201020,301097,402536
'S','P20180228RPOS36701A','02/28/2018 12:03','0000000000001402230002',0,'Santa Ana 93',55,1,0,649.95,1,0,1,1,649.95,431,20,0,000000000000,0.000,0.0,30.00  ,0,201020,301097,402536
'S','P20180228RPOS36701A','02/28/2018 12:03','0000000000001402230003',0,'Santa Ana 93',55,1,0,649.95,1,0,1,1,649.95,431,20,0,000000000000,0.000,0.0,30.00  ,0,201020,301097,402536
'S','P20180228RPOS36701A','02/28/2018 12:03','0000000000001402240001',0,'NavigatorTemFDT4.5',55,1,0,229.95,1,0,1,1,229.95,431,30,0,000000000000,0.000,0.0,30.00  ,0,201020,301097,402537
'S','P20180228RPOS36701A','02/28/2018 12:03','0000000000001402240002',0,'NavigatorTemFDT4.5',55,1,0,229.95,1,0,1,1,229.95,431,30,0,000000000000,0.000,0.0,30.00  ,0,201020,301097,402537
'S','P20180228RPOS36701A','02/28/2018 12:03','0000000000001402240003',0,'NavigatorTemFDT4.5',55,1,0,229.95,1,0,1,1,229.95,431,30,0,000000000000,0.000,0.0,30.00  ,0,201020,301097,402537
'S','P20180228RPOS36701A','02/28/2018 12:03','0000000000001402240004',0,'NavigatorTemFDT4.5',55,1,0,229.95,1,0,1,1,229.95,431,30,0,000000000000,0.000,0.0,30.00  ,0,201020,301097,402537
'S','P20180228RPOS36701A','02/28/2018 12:03','0000000000001402240005',0,'NavigatorTemFDT4.5',55,1,0,229.95,1,0,1,1,229.95,431,30,0,000000000000,0.000,0.0,30.00  ,0,201020,301097,402537
'S','P20180228RPOS36701A','02/28/2018 12:03','0000000000001402240006',0,'NavigatorTemFDT4.5',55,1,0,229.95,1,0,1,1,229.95,431,30,0,000000000000,0.000,0.0,30.00  ,0,201020,301097,402537
'S','P20180228RPOS36701A','02/28/2018 12:03','0000000000001402250001',0,'Enforcer S',55,1,0,349.95,1,0,1,1,349.95,431,30,0,000000000000,0.000,0.0,30.00  ,0,201020,301097,402537
'S','P20180228RPOS36701A','02/28/2018 12:03','0000000000001402250002',0,'Enforcer S',55,1,0,349.95,1,0,1,1,349.95,431,30,0,000000000000,0.000,0.0,30.00  ,0,201020,301097,402537
'S','P20180228RPOS36701A','02/28/2018 12:03','0000000000001402250003',0,'Enforcer S',55,1,0,349.95,1,0,1,1,349.95,431,30,0,000000000000,0.000,0.0,30.00  ,0,201020,301097,402537
'S','P20180228RPOS36701A','02/28/2018 12:03','0000000000001402260001',0,'CoconutCreamerLatt',75,1,0,9,1,0,1,1,9,519,10,0,000000000000,0.000,0.0,30.00  ,0,201005,301033,402706
'S','P20180228RPOS36701A','02/28/2018 12:03','0000000000001402270001',0,'Dirty Chai Latte',75,1,0,9,1,0,1,1,9,519,10,0,000000000000,0.000,0.0,30.00  ,0,201005,301033,402706
'S','P20180228RPOS36701A','02/28/2018 12:03','0000000000001402310001',0,'Natural 101',55,1,0,749,1,0,1,1,749,431,10,0,000000000000,0.000,0.0,30.00  ,0,201020,301097,402535
'S','P20180228RPOS36701A','02/28/2018 12:03','0000000000001402310002',0,'Natural 101',55,1,0,749,1,0,1,1,749,431,10,0,000000000000,0.000,0.0,30.00  ,0,201020,301097,402535
'S','P20180228RPOS36701A','02/28/2018 12:03','0000000000001402310003',0,'Natural 101',55,1,0,749,1,0,1,1,749,431,10,0,000000000000,0.000,0.0,30.00  ,0,201020,301097,402535
'S','P20180228RPOS36701A','02/28/2018 12:03','0000000000001402320001',0,'Nomad105LiteFreeTr',55,1,0,699,1,0,1,1,699,431,10,0,000000000000,0.000,0.0,30.00  ,0,201020,301097,402535
'S','P20180228RPOS36701A','02/28/2018 12:03','0000000000001402320002',0,'Nomad105LiteFreeTr',55,1,0,699,1,0,1,1,699,431,10,0,000000000000,0.000,0.0,30.00  ,0,201020,301097,402535
'S','P20180228RPOS36701A','02/28/2018 12:03','0000000000001402320003',0,'Nomad105LiteFreeTr',55,1,0,699,1,0,1,1,699,431,10,0,000000000000,0.000,0.0,30.00  ,0,201020,301097,402535
'S','P20180228RPOS36701A','02/28/2018 12:03','0000000000001402330001',0,'Oracle 88',55,1,0,599,1,0,1,1,599,431,20,0,000000000000,0.000,0.0,30.00  ,0,201020,301097,402536
'S','P20180228RPOS36701A','02/28/2018 12:03','0000000000001402330002',0,'Oracle 88',55,1,0,599,1,0,1,1,599,431,20,0,000000000000,0.000,0.0,30.00  ,0,201020,301097,402536
'S','P20180228RPOS36701A','02/28/2018 12:03','0000000000001402340001',0,'Maiden 101',55,1,0,699,1,0,1,1,699,431,20,0,000000000000,0.000,0.0,30.00  ,0,201020,301097,402536
'S','P20180228RPOS36701A','02/28/2018 12:03','0000000000001402340002',0,'Maiden 101',55,1,0,699,1,0,1,1,699,431,20,0,000000000000,0.000,0.0,30.00  ,0,201020,301097,402536
'S','P20180228RPOS36701A','02/28/2018 12:03','0000000000001402340003',0,'Maiden 101',55,1,0,699,1,0,1,1,699,431,20,0,000000000000,0.000,0.0,30.00  ,0,201020,301097,402536
'S','P20180228RPOS36701A','02/28/2018 12:03','0000000000001402350001',0,'Maiden 91',55,1,0,599,1,0,1,1,599,431,20,0,000000000000,0.000,0.0,30.00  ,0,201020,301097,402536
'S','P20180228RPOS36701A','02/28/2018 12:03','0000000000001402350002',0,'Maiden 91',55,1,0,599,1,0,1,1,599,431,20,0,000000000000,0.000,0.0,30.00  ,0,201020,301097,402536
'S','P20180228RPOS36701A','02/28/2018 12:03','0000000000001402350003',0,'Maiden 91',55,1,0,599,1,0,1,1,599,431,20,0,000000000000,0.000,0.0,30.00  ,0,201020,301097,402536
'S','P20180228RPOS36701A','02/28/2018 12:03','0000000000001402360001',0,'Oracle 100',55,1,0,649,1,0,1,1,649,431,20,0,000000000000,0.000,0.0,30.00  ,0,201020,301097,402536
'S','P20180228RPOS36701A','02/28/2018 12:03','0000000000001402360002',0,'Oracle 100',55,1,0,649,1,0,1,1,649,431,20,0,000000000000,0.000,0.0,30.00  ,0,201020,301097,402536
'S','P20180228RPOS36701A','02/28/2018 12:03','0000000000001402360003',0,'Oracle 100',55,1,0,649,1,0,1,1,649,431,20,0,000000000000,0.000,0.0,30.00  ,0,201020,301097,402536
'S','P20180228RPOS36701A','02/28/2018 12:03','0000000000001402370001',0,'Maiden 111',55,1,0,649,1,0,1,1,649,431,20,0,000000000000,0.000,0.0,30.00  ,0,201020,301097,402536
'S','P20180228RPOS36701A','02/28/2018 12:03','0000000000001402370002',0,'Maiden 111',55,1,0,649,1,0,1,1,649,431,20,0,000000000000,0.000,0.0,30.00  ,0,201020,301097,402536
'S','P20180228RPOS36701A','02/28/2018 12:03','0000000000001402380001',0,'Mystic 97',55,1,0,699,1,0,1,1,699,431,20,0,000000000000,0.000,0.0,30.00  ,0,201020,301097,402536
'S','P20180228RPOS36701A','02/28/2018 12:03','0000000000001402380002',0,'Mystic 97',55,1,0,699,1,0,1,1,699,431,20,0,000000000000,0.000,0.0,30.00  ,0,201020,301097,402536
'S','P20180228RPOS36701A','02/28/2018 12:03','0000000000008897010001',0,'Transit Pant',30,1,0,125,1,0,1,1,125,196,20,0,000000000000,0.000,0.0,30.00  ,0,201007,301554,402259
'S','P20180228RPOS36701A','02/28/2018 12:03','0000000000008897010002',0,'Transit Pant',30,1,0,125,1,0,1,1,125,196,20,0,000000000000,0.000,0.0,30.00  ,0,201007,301554,402259
'S','P20180228RPOS36701A','02/28/2018 12:03','0000000000008897010003',0,'Transit Pant',30,1,0,125,1,0,1,1,125,196,20,0,000000000000,0.000,0.0,30.00  ,0,201007,301554,402259
