'H','P20180228RPOS03541A','02/28/2018 08:20','AR','PLU',30
'S','P20180228RPOS03541A','02/28/2018 08:20','0000000000001091500004',0,'Marshall',59,1,0,160,1,0,1,1,160,454,10,0,000000000000,0.000,0.0,30.00  ,0,201054,301560,402574
'S','P20180228RPOS03541A','02/28/2018 08:20','0000000000001229580001',0,'Flagship',57,1,0,599,1,0,1,1,599,441,10,0,000000000000,0.000,0.0,30.00  ,0,201021,301103,402547
'S','P20180228RPOS03541A','02/28/2018 08:20','0000000000001229580002',0,'Flagship',57,1,0,599,1,0,1,1,599,441,10,0,000000000000,0.000,0.0,30.00  ,0,201021,301103,402547
'S','P20180228RPOS03541A','02/28/2018 08:20','0000000000001229580003',0,'Flagship',57,1,0,599,1,0,1,1,599,441,10,0,000000000000,0.000,0.0,30.00  ,0,201021,301103,402547
'S','P20180228RPOS03541A','02/28/2018 08:20','0000000000001229580004',0,'Flagship',57,1,0,599,1,0,1,1,599,441,10,0,000000000000,0.000,0.0,30.00  ,0,201021,301103,402547
'S','P20180228RPOS03541A','02/28/2018 08:20','0000000000001229580005',0,'Flagship',57,1,0,599,1,0,1,1,599,441,10,0,000000000000,0.000,0.0,30.00  ,0,201021,301103,402547
'S','P20180228RPOS03541A','02/28/2018 08:20','0000000000001229580006',0,'Flagship',57,1,0,599,1,0,1,1,599,441,10,0,000000000000,0.000,0.0,30.00  ,0,201021,301103,402547
'S','P20180228RPOS03541A','02/28/2018 08:20','0000000000001229580007',0,'Flagship',57,1,0,599,1,0,1,1,599,441,10,0,000000000000,0.000,0.0,30.00  ,0,201021,301103,402547
'S','P20180228RPOS03541A','02/28/2018 08:20','0000000000001229590001',0,'Flagship Carbon',57,1,0,999,1,0,1,1,999,441,10,0,000000000000,0.000,0.0,30.00  ,0,201021,301103,402547
'S','P20180228RPOS03541A','02/28/2018 08:20','0000000000001229590002',0,'Flagship Carbon',57,1,0,999,1,0,1,1,999,441,10,0,000000000000,0.000,0.0,30.00  ,0,201021,301103,402547
'S','P20180228RPOS03541A','02/28/2018 08:20','0000000000001229590003',0,'Flagship Carbon',57,1,0,999,1,0,1,1,999,441,10,0,000000000000,0.000,0.0,30.00  ,0,201021,301103,402547
'S','P20180228RPOS03541A','02/28/2018 08:20','0000000000001229590004',0,'Flagship Carbon',57,1,0,999,1,0,1,1,999,441,10,0,000000000000,0.000,0.0,30.00  ,0,201021,301103,402547
'S','P20180228RPOS03541A','02/28/2018 08:20','0000000000001229620001',0,'Project X',57,1,0,1499,1,0,1,1,1499,441,10,0,000000000000,0.000,0.0,30.00  ,0,201021,301103,402547
'S','P20180228RPOS03541A','02/28/2018 08:20','0000000000001229680001',0,'UltracraftSplitbrd',57,1,0,1499,1,0,1,1,1499,441,10,0,000000000000,0.000,0.0,30.00  ,0,201021,301103,402547
'S','P20180228RPOS03541A','02/28/2018 08:20','0000000000001229680002',0,'UltracraftSplitbrd',57,1,0,1499,1,0,1,1,1499,441,10,0,000000000000,0.000,0.0,30.00  ,0,201021,301103,402547
'S','P20180228RPOS03541A','02/28/2018 08:20','0000000000001229710001',0,'Women s Flagship',57,1,0,599,1,0,1,1,599,441,20,0,000000000000,0.000,0.0,30.00  ,0,201021,301103,402548
'S','P20180228RPOS03541A','02/28/2018 08:20','0000000000001229710002',0,'Women s Flagship',57,1,0,599,1,0,1,1,599,441,20,0,000000000000,0.000,0.0,30.00  ,0,201021,301103,402548
'S','P20180228RPOS03541A','02/28/2018 08:20','0000000000001229710003',0,'Women s Flagship',57,1,0,599,1,0,1,1,599,441,20,0,000000000000,0.000,0.0,30.00  ,0,201021,301103,402548
'S','P20180228RPOS03541A','02/28/2018 08:20','0000000000001229720001',0,'Women s Hovercraft',57,1,0,529,1,0,1,1,529,441,20,0,000000000000,0.000,0.0,30.00  ,0,201021,301103,402548
'S','P20180228RPOS03541A','02/28/2018 08:20','0000000000001229720002',0,'Women s Hovercraft',57,1,0,529,1,0,1,1,529,441,20,0,000000000000,0.000,0.0,30.00  ,0,201021,301103,402548
'S','P20180228RPOS03541A','02/28/2018 08:20','0000000000001296400001',0,'TitaniumFrenchPrss',7,1,0,55.95,1,0,1,1,55.95,401,40,0,000000000000,0.000,0.0,30.00  ,0,201058,301025,402464
'S','P20180228RPOS03541A','02/28/2018 08:20','0000000000001401740001',0,'Electrochromic',59,1,0,275,1,0,1,1,275,454,10,0,000000000000,0.000,0.0,30.00  ,0,201054,301560,402574
'S','P20180228RPOS03541A','02/28/2018 08:20','0000000000001401750001',0,'Legacy',59,1,0,230,1,0,1,1,230,454,10,0,000000000000,0.000,0.0,30.00  ,0,201054,301560,402574
'S','P20180228RPOS03541A','02/28/2018 08:20','0000000000001401750002',0,'Legacy',59,1,0,230,1,0,1,1,230,454,10,0,000000000000,0.000,0.0,30.00  ,0,201054,301560,402574
'S','P20180228RPOS03541A','02/28/2018 08:20','0000000000001401750003',0,'Legacy',59,1,0,230,1,0,1,1,230,454,10,0,000000000000,0.000,0.0,30.00  ,0,201054,301560,402574
'S','P20180228RPOS03541A','02/28/2018 08:20','0000000000001401760001',0,'Marshall',59,1,0,140,1,0,1,1,140,454,10,0,000000000000,0.000,0.0,30.00  ,0,201054,301560,402574
'S','P20180228RPOS03541A','02/28/2018 08:20','0000000000001401760002',0,'Marshall',59,1,0,140,1,0,1,1,140,454,10,0,000000000000,0.000,0.0,30.00  ,0,201054,301560,402574
'S','P20180228RPOS03541A','02/28/2018 08:20','0000000000001401760003',0,'Marshall',59,1,0,140,1,0,1,1,140,454,10,0,000000000000,0.000,0.0,30.00  ,0,201054,301560,402574
'S','P20180228RPOS03541A','02/28/2018 08:20','0000000000001401760004',0,'Marshall',59,1,0,140,1,0,1,1,140,454,10,0,000000000000,0.000,0.0,30.00  ,0,201054,301560,402574
'S','P20180228RPOS03541A','02/28/2018 08:20','0000000000007080690014',0,'SP TITANIUM 3-CUP ',87,1,0,38.93,1,0,1,1,38.93,402,40,0,000000000000,0.000,0.0,30.00  ,0,201039,301026,403303
