'H','P20180228RPOS03814A','02/28/2018 10:03','AR','PLU',35
'S','P20180228RPOS03814A','02/28/2018 10:03','0000000000001149000001',0,'BlueFiltr(frSprSt)',56,1,0,70,1,0,1,1,70,591,10,0,000000000000,0.000,0.0,30.00  ,0,201037,301591,403210
'S','P20180228RPOS03814A','02/28/2018 10:03','0000000000001149010001',0,'BlSnrklFltr(H5Blck',56,1,0,70,1,0,1,1,70,591,10,0,000000000000,0.000,0.0,30.00  ,0,201037,301591,403210
'S','P20180228RPOS03814A','02/28/2018 10:03','0000000000001149020001',0,'GreenFltr(frSprSt)',56,1,0,70,1,0,1,1,70,591,10,0,000000000000,0.000,0.0,30.00  ,0,201037,301591,403210
'S','P20180228RPOS03814A','02/28/2018 10:03','0000000000001247770001',0,'HabitAL227.5IN 18',80,1,0,1999,1,0,1,1,1999,541,40,0,000000000000,0.000,0.0,30.00  ,0,201008,301045,402739
'S','P20180228RPOS03814A','02/28/2018 10:03','0000000000001247770002',0,'HabitAL227.5IN 18',80,1,0,1999,1,0,1,1,1999,541,40,0,000000000000,0.000,0.0,30.00  ,0,201008,301045,402739
'S','P20180228RPOS03814A','02/28/2018 10:03','0000000000001247770003',0,'HabitAL227.5IN 18',80,1,0,1999,1,0,1,1,1999,541,40,0,000000000000,0.000,0.0,30.00  ,0,201008,301045,402739
'S','P20180228RPOS03814A','02/28/2018 10:03','0000000000001311440001',0,'Seamless Thong',97,1,0,13.73,1,0,1,1,13.73,806,30,0,000000000000,0.000,0.0,30.00  ,0,201040,301568,402999
'S','P20180228RPOS03814A','02/28/2018 10:03','0000000000001311440002',0,'Seamless Thong',97,1,0,13.73,1,0,1,1,13.73,806,30,0,000000000000,0.000,0.0,30.00  ,0,201040,301568,402999
'S','P20180228RPOS03814A','02/28/2018 10:03','0000000000001311440003',0,'Seamless Thong',97,1,0,13.73,1,0,1,1,13.73,806,30,0,000000000000,0.000,0.0,30.00  ,0,201040,301568,402999
'S','P20180228RPOS03814A','02/28/2018 10:03','0000000000001311440004',0,'Seamless Thong',97,1,0,13.73,1,0,1,1,13.73,806,30,0,000000000000,0.000,0.0,30.00  ,0,201040,301568,402999
'S','P20180228RPOS03814A','02/28/2018 10:03','0000000000001311440005',0,'Seamless Thong',97,1,0,13.73,1,0,1,1,13.73,806,30,0,000000000000,0.000,0.0,30.00  ,0,201040,301568,402999
'S','P20180228RPOS03814A','02/28/2018 10:03','0000000000001311440006',0,'Seamless Thong',97,1,0,13.73,1,0,1,1,13.73,806,30,0,000000000000,0.000,0.0,30.00  ,0,201040,301568,402999
'S','P20180228RPOS03814A','02/28/2018 10:03','0000000000001392500001',0,'Alska Hooded Vest',97,1,0,60.73,1,0,1,1,60.73,818,45,0,000000000000,0.000,0.0,30.00  ,0,201040,301571,402997
'S','P20180228RPOS03814A','02/28/2018 10:03','0000000000001392500002',0,'Alska Hooded Vest',97,1,0,60.73,1,0,1,1,60.73,818,45,0,000000000000,0.000,0.0,30.00  ,0,201040,301571,402997
'S','P20180228RPOS03814A','02/28/2018 10:03','0000000000001392500003',0,'Alska Hooded Vest',97,1,0,60.73,1,0,1,1,60.73,818,45,0,000000000000,0.000,0.0,30.00  ,0,201040,301571,402997
'S','P20180228RPOS03814A','02/28/2018 10:03','0000000000001392500004',0,'Alska Hooded Vest',97,1,0,60.73,1,0,1,1,60.73,818,45,0,000000000000,0.000,0.0,30.00  ,0,201040,301571,402997
'S','P20180228RPOS03814A','02/28/2018 10:03','0000000000001392500005',0,'Alska Hooded Vest',97,1,0,60.73,1,0,1,1,60.73,818,45,0,000000000000,0.000,0.0,30.00  ,0,201040,301571,402997
'S','P20180228RPOS03814A','02/28/2018 10:03','0000000000001392500006',0,'Alska Hooded Vest',97,1,0,60.73,1,0,1,1,60.73,818,45,0,000000000000,0.000,0.0,30.00  ,0,201040,301571,402997
'S','P20180228RPOS03814A','02/28/2018 10:03','0000000000001392500007',0,'Alska Hooded Vest',97,1,0,60.73,1,0,1,1,60.73,818,45,0,000000000000,0.000,0.0,30.00  ,0,201040,301571,402997
'S','P20180228RPOS03814A','02/28/2018 10:03','0000000000001392500008',0,'Alska Hooded Vest',97,1,0,60.73,1,0,1,1,60.73,818,45,0,000000000000,0.000,0.0,30.00  ,0,201040,301571,402997
'S','P20180228RPOS03814A','02/28/2018 10:03','0000000000001392500009',0,'Alska Hooded Vest',97,1,0,60.73,1,0,1,1,60.73,818,45,0,000000000000,0.000,0.0,30.00  ,0,201040,301571,402997
'S','P20180228RPOS03814A','02/28/2018 10:03','0000000000001392500010',0,'Alska Hooded Vest',97,1,0,60.73,1,0,1,1,60.73,818,45,0,000000000000,0.000,0.0,30.00  ,0,201040,301571,402997
'S','P20180228RPOS03814A','02/28/2018 10:03','0000000000001392500011',0,'Alska Hooded Vest',97,1,0,60.73,1,0,1,1,60.73,818,45,0,000000000000,0.000,0.0,30.00  ,0,201040,301571,402997
'S','P20180228RPOS03814A','02/28/2018 10:03','0000000000001392500012',0,'Alska Hooded Vest',97,1,0,60.73,1,0,1,1,60.73,818,45,0,000000000000,0.000,0.0,30.00  ,0,201040,301571,402997
'S','P20180228RPOS03814A','02/28/2018 10:03','0000000000001392500013',0,'Alska Hooded Vest',97,1,0,60.73,1,0,1,1,60.73,818,45,0,000000000000,0.000,0.0,30.00  ,0,201040,301571,402997
'S','P20180228RPOS03814A','02/28/2018 10:03','0000000000001392500014',0,'Alska Hooded Vest',97,1,0,60.73,1,0,1,1,60.73,818,45,0,000000000000,0.000,0.0,30.00  ,0,201040,301571,402997
'S','P20180228RPOS03814A','02/28/2018 10:03','0000000000001392500015',0,'Alska Hooded Vest',97,1,0,60.73,1,0,1,1,60.73,818,45,0,000000000000,0.000,0.0,30.00  ,0,201040,301571,402997
'S','P20180228RPOS03814A','02/28/2018 10:03','0000000000001392500016',0,'Alska Hooded Vest',97,1,0,60.73,1,0,1,1,60.73,818,45,0,000000000000,0.000,0.0,30.00  ,0,201040,301571,402997
'S','P20180228RPOS03814A','02/28/2018 10:03','0000000000001392500017',0,'Alska Hooded Vest',97,1,0,60.73,1,0,1,1,60.73,818,45,0,000000000000,0.000,0.0,30.00  ,0,201040,301571,402997
'S','P20180228RPOS03814A','02/28/2018 10:03','0000000000001392500018',0,'Alska Hooded Vest',97,1,0,60.73,1,0,1,1,60.73,818,45,0,000000000000,0.000,0.0,30.00  ,0,201040,301571,402997
'S','P20180228RPOS03814A','02/28/2018 10:03','0000000000001392500019',0,'Alska Hooded Vest',97,1,0,60.73,1,0,1,1,60.73,818,45,0,000000000000,0.000,0.0,30.00  ,0,201040,301571,402997
'S','P20180228RPOS03814A','02/28/2018 10:03','0000000000001392500020',0,'Alska Hooded Vest',97,1,0,60.73,1,0,1,1,60.73,818,45,0,000000000000,0.000,0.0,30.00  ,0,201040,301571,402997
'S','P20180228RPOS03814A','02/28/2018 10:03','0000000000001396740001',0,'TheRenewalWorkshop',99,1,1,0,1,0,1,0,0,93,10,0,000000000000,0.000,0.0,30.00  ,0,201049,301581,403103
'S','P20180228RPOS03814A','02/28/2018 10:03','0000000000001401770001',0,'CORAX KIT',97,1,0,79.73,1,0,1,1,79.73,801,34,0,000000000000,0.000,0.0,30.00  ,0,201040,301566,402921
'S','P20180228RPOS03814A','02/28/2018 10:03','0000000000008819380001',0,'GoproFetchDogMount',56,1,0,60,1,0,1,1,60,591,10,0,000000000000,0.000,0.0,30.00  ,0,201037,301591,403210
